         400
          62
          62
          62
          61
          61
          61
          55
          55
          53
          53
          53
          13
          13
          13
          12
          12
           9
           9
           8
           8
          62
          62
          62
          61
          61
          61
          55
          55
          53
          53
          53
          13
          13
          13
          12
          12
           9
           9
           8
           8
          62
          62
          61
          61
          60
          55
          55
          55
          53
          53
          13
          13
          15
          14
          12
          12
           9
           9
           8
           8
          63
          63
          63
          60
          60
          60
          55
          54
          52
          52
          52
          15
          15
          14
          14
          11
           9
           9
           8
           8
          63
          63
          63
          63
          60
          54
          54
          54
          54
          52
          15
          15
          15
          14
          14
          11
          11
          10
          10
          10
          63
          57
          57
          59
          59
          59
          54
          54
          51
          51
          51
          15
          15
          14
          14
          11
          11
          10
          10
          10
          57
          57
          57
          57
          59
          48
          48
          48
          48
          51
          51
           5
           5
           4
           4
           3
           3
           2
           2
           2
          57
          57
          56
          59
          58
          58
          48
          48
          48
          51
           5
           5
           5
           4
           6
           3
           3
           3
           2
           2
          56
          56
          56
          56
          58
          58
          49
          49
          49
          50
          50
           5
           7
           6
           6
           6
           1
           1
           0
           0
          56
          56
          56
          32
          58
          38
          49
          49
          39
          50
          50
           7
           7
           7
           6
           6
           1
           1
           0
           0
          33
          33
          33
          32
          32
          38
          38
          39
          39
          39
          23
           7
           7
          21
           6
          29
           1
           1
           0
           0
          33
          33
          33
          32
          32
          38
          38
          39
          39
          23
          23
          23
          23
          21
          21
          29
          29
          29
          31
          31
          33
          33
          32
          32
          35
          38
          36
          36
          37
          37
          23
          23
          21
          21
          21
          29
          29
          31
          31
          31
          34
          34
          34
          35
          35
          35
          36
          36
          37
          37
          22
          22
          22
          21
          28
          28
          28
          30
          31
          31
          34
          34
          34
          34
          35
          35
          36
          36
          37
          37
          22
          22
          20
          20
          20
          28
          30
          30
          30
          30
          47
          47
          47
          47
          46
          46
          41
          41
          40
          40
          18
          18
          20
          20
          27
          27
          27
          30
          30
          30
          47
          47
          47
          46
          46
          46
          41
          41
          40
          40
          18
          18
          17
          17
          17
          27
          27
          24
          24
          24
          45
          45
          45
          44
          46
          42
          41
          41
          40
          19
          19
          18
          17
          17
          26
          26
          27
          24
          24
          24
          45
          45
          45
          44
          44
          42
          42
          43
          43
          43
          19
          19
          16
          16
          16
          26
          26
          25
          25
          25
          45
          45
          44
          44
          44
          42
          42
          43
          43
          43
          19
          19
          16
          16
          16
          26
          26
          25
          25
          25
